[[-7.00434, 0.32226, 4.0, 0.06702],
[-6.89325, 0.56409, 4.0, 0.06653],
[-6.77647, 0.80054, 4.0, 0.06593],
[-6.65358, 1.03051, 4.0, 0.06519],
[-6.52418, 1.25271, 4.0, 0.06428],
[-6.38748, 1.46505, 4.0, 0.06313],
[-6.2426, 1.66471, 3.64486, 0.06768],
[-6.08878, 1.84839, 3.24492, 0.07383],
[-5.92557, 2.01272, 2.88043, 0.08041],
[-5.75244, 2.1541, 2.51143, 0.089],
[-5.56821, 2.26767, 2.18422, 0.09909],
[-5.36992, 2.34719, 2.86877, 0.07447],
[-5.1626, 2.40735, 3.14531, 0.06864],
[-4.9467, 2.45085, 3.43834, 0.06405],
[-4.72248, 2.47954, 3.75485, 0.0602],
[-4.49, 2.49479, 4.0, 0.05824],
[-4.24952, 2.49807, 4.0, 0.06013],
[-4.00094, 2.49019, 4.0, 0.06217],
[-3.7443, 2.47208, 4.0, 0.06432],
[-3.47976, 2.44474, 4.0, 0.06649],
[-3.20762, 2.40922, 4.0, 0.06861],
[-2.92834, 2.36659, 4.0, 0.07063],
[-2.64296, 2.31826, 4.0, 0.07236],
[-2.35247, 2.26539, 4.0, 0.07381],
[-2.05802, 2.20913, 4.0, 0.07495],
[-1.75972, 2.15017, 4.0, 0.07602],
[-1.46239, 2.09395, 4.0, 0.07565],
[-1.1701, 2.04231, 4.0, 0.0742],
[-0.88495, 1.99657, 4.0, 0.0722],
[-0.60837, 1.95778, 4.0, 0.06982],
[-0.34144, 1.92675, 4.0, 0.06718],
[-0.08495, 1.90409, 4.0, 0.06437],
[0.16067, 1.8902, 4.0, 0.0615],
[0.39515, 1.88535, 4.0, 0.05863],
[0.6184, 1.88975, 4.0, 0.05582],
[0.82988, 1.90398, 3.78731, 0.05597],
[1.02945, 1.9284, 3.42089, 0.05877],
[1.21684, 1.96352, 3.03151, 0.06289],
[1.39141, 2.01031, 2.70785, 0.06674],
[1.55269, 2.06974, 2.416, 0.07114],
[1.70005, 2.14319, 2.14916, 0.07661],
[1.8324, 2.2329, 1.88656, 0.08476],
[1.94762, 2.34378, 2.52023, 0.06345],
[2.05391, 2.46793, 2.82681, 0.05781],
[2.15343, 2.60468, 3.24085, 0.05219],
[2.24836, 2.75386, 3.82383, 0.04624],
[2.34068, 2.91523, 4.0, 0.04648],
[2.43191, 3.08718, 4.0, 0.04866],
[2.52286, 3.26513, 4.0, 0.04996],
[2.64164, 3.48996, 4.0, 0.06357],
[2.76429, 3.71275, 4.0, 0.06358],
[2.8909, 3.93216, 4.0, 0.06333],
[3.02142, 4.1468, 4.0, 0.0628],
[3.15588, 4.35516, 4.0, 0.06199],
[3.29417, 4.55562, 4.0, 0.06088],
[3.43615, 4.74657, 4.0, 0.05949],
[3.58161, 4.92635, 4.0, 0.05781],
[3.73037, 5.09321, 3.80268, 0.05879],
[3.88222, 5.24502, 3.41418, 0.06289],
[4.0368, 5.37977, 3.05741, 0.06707],
[4.19347, 5.49541, 2.73525, 0.07119],
[4.35122, 5.58996, 2.43627, 0.07549],
[4.50852, 5.66132, 2.18887, 0.07891],
[4.66327, 5.7081, 1.91062, 0.08461],
[4.81243, 5.7278, 1.67262, 0.08995],
[4.95174, 5.71865, 1.53749, 0.0908],
[5.07718, 5.68222, 1.47176, 0.08875],
[5.18626, 5.62168, 1.56734, 0.0796],
[5.28038, 5.54273, 1.72986, 0.07102],
[5.36158, 5.44949, 1.70782, 0.0724],
[5.42826, 5.34159, 1.88181, 0.06741],
[5.48138, 5.22103, 2.0995, 0.06275],
[5.52195, 5.08945, 2.31139, 0.05957],
[5.5505, 4.94782, 2.55729, 0.0565],
[5.56761, 4.79705, 2.82336, 0.05374],
[5.57383, 4.63793, 3.1899, 0.04992],
[5.57024, 4.47155, 3.70251, 0.04495],
[5.55842, 4.2993, 4.0, 0.04316],
[5.54018, 4.12258, 4.0, 0.04441],
[5.51715, 3.94258, 4.0, 0.04537],
[5.49331, 3.729, 4.0, 0.05373],
[5.47604, 3.52115, 4.0, 0.05214],
[5.46715, 3.32076, 3.83743, 0.05227],
[5.46831, 3.12954, 3.35558, 0.05698],
[5.48075, 2.94894, 2.97901, 0.06077],
[5.50522, 2.78005, 2.64219, 0.06459],
[5.54237, 2.62404, 2.36541, 0.0678],
[5.59254, 2.48188, 2.07213, 0.07275],
[5.65658, 2.35535, 1.84395, 0.07691],
[5.73496, 2.24617, 1.62569, 0.08268],
[5.82874, 2.15725, 1.42765, 0.09052],
[5.93978, 2.09381, 1.75612, 0.07282],
[6.06157, 2.04793, 1.89182, 0.06879],
[6.19283, 2.01857, 2.05247, 0.06553],
[6.33269, 2.00508, 2.23818, 0.06278],
[6.48056, 2.007, 2.47451, 0.05976],
[6.63591, 2.02371, 2.72675, 0.0573],
[6.79862, 2.05488, 2.98969, 0.05541],
[6.96904, 2.10055, 3.25152, 0.05426],
[7.14817, 2.16138, 3.42065, 0.0553],
[7.33739, 2.21273, 3.1732, 0.06179],
[7.52258, 2.24883, 2.95015, 0.06395],
[7.70269, 2.26907, 2.62003, 0.06918],
[7.87608, 2.27149, 2.37242, 0.07309],
[8.04106, 2.25488, 2.14827, 0.07718],
[8.19563, 2.21807, 1.96558, 0.08084],
[8.33758, 2.1602, 1.68664, 0.09089],
[8.46167, 2.07728, 1.49074, 0.10012],
[8.56049, 1.96616, 1.70035, 0.08746],
[8.6372, 1.8351, 1.88339, 0.08063],
[8.69324, 1.68803, 1.72922, 0.09101],
[8.71959, 1.5219, 1.69934, 0.09898],
[8.70577, 1.3377, 1.91321, 0.09655],
[8.65097, 1.14369, 2.15623, 0.0935],
[8.55715, 0.94761, 2.42366, 0.08969],
[8.42815, 0.75548, 2.70762, 0.08547],
[8.26857, 0.57138, 3.00358, 0.08111],
[8.08302, 0.39783, 3.30951, 0.07677],
[7.87583, 0.23619, 3.62422, 0.07251],
[7.65087, 0.08699, 3.9464, 0.0684],
[7.41159, -0.04977, 4.0, 0.0689],
[7.16126, -0.17478, 4.0, 0.06995],
[6.90229, -0.28856, 4.0, 0.07072],
[6.63675, -0.3917, 4.0, 0.07122],
[6.36506, -0.4792, 4.0, 0.07136],
[6.09214, -0.54873, 4.0, 0.07041],
[5.82225, -0.60373, 4.0, 0.06886],
[5.55657, -0.64766, 4.0, 0.06732],
[5.29506, -0.68314, 4.0, 0.06598],
[5.03733, -0.71211, 4.0, 0.06484],
[4.78289, -0.73596, 4.0, 0.06389],
[4.5313, -0.75572, 4.0, 0.06309],
[4.28219, -0.77215, 4.0, 0.06241],
[4.03523, -0.78582, 4.0, 0.06183],
[3.79017, -0.79717, 4.0, 0.06133],
[3.54679, -0.80653, 4.0, 0.06089],
[3.30491, -0.81417, 4.0, 0.0605],
[3.06435, -0.82035, 4.0, 0.06016],
[2.82501, -0.82521, 4.0, 0.05985],
[2.58678, -0.82889, 4.0, 0.05956],
[2.3496, -0.8315, 4.0, 0.0593],
[2.11341, -0.83311, 4.0, 0.05905],
[1.87815, -0.8338, 4.0, 0.05882],
[1.64376, -0.83365, 4.0, 0.0586],
[1.4102, -0.8327, 4.0, 0.05839],
[1.17743, -0.83103, 4.0, 0.05819],
[0.9454, -0.82867, 4.0, 0.05801],
[0.71408, -0.82567, 4.0, 0.05784],
[0.48342, -0.82208, 4.0, 0.05767],
[0.25341, -0.81793, 4.0, 0.05751],
[0.02399, -0.81326, 4.0, 0.05737],
[-0.20485, -0.80811, 4.0, 0.05723],
[-0.43316, -0.80251, 4.0, 0.05709],
[-0.66095, -0.79649, 4.0, 0.05697],
[-0.88822, -0.79004, 4.0, 0.05684],
[-1.11495, -0.78316, 4.0, 0.05671],
[-1.34103, -0.77579, 4.0, 0.05655],
[-1.56638, -0.76786, 4.0, 0.05637],
[-1.79084, -0.75928, 4.0, 0.05616],
[-2.0142, -0.74993, 4.0, 0.05589],
[-2.23612, -0.73963, 4.0, 0.05554],
[-2.45613, -0.72816, 4.0, 0.05508],
[-2.67343, -0.71524, 4.0, 0.05442],
[-2.86228, -0.70233, 4.0, 0.04732],
[-3.0492, -0.69254, 4.0, 0.0468],
[-3.23244, -0.68869, 3.83946, 0.04774],
[-3.41043, -0.69322, 3.27914, 0.0543],
[-3.5818, -0.7082, 2.8375, 0.06063],
[-3.74513, -0.73568, 2.46815, 0.0671],
[-3.89883, -0.77787, 2.14933, 0.07415],
[-4.04093, -0.83737, 1.85983, 0.08283],
[-4.16836, -0.91794, 2.07705, 0.07259],
[-4.28398, -1.01462, 2.3309, 0.06466],
[-4.38981, -1.12405, 2.54576, 0.0598],
[-4.48691, -1.2444, 2.75416, 0.05614],
[-4.57598, -1.37436, 2.96708, 0.0531],
[-4.65759, -1.51291, 3.18955, 0.05041],
[-4.73222, -1.65919, 3.42444, 0.04795],
[-4.8003, -1.81245, 3.67323, 0.04565],
[-4.86226, -1.97198, 3.90899, 0.04378],
[-4.91842, -2.13725, 4.0, 0.04364],
[-4.96906, -2.30773, 4.0, 0.04446],
[-5.01445, -2.48291, 4.0, 0.04524],
[-5.05493, -2.6622, 4.0, 0.04595],
[-5.09085, -2.84499, 4.0, 0.04657],
[-5.12266, -3.03058, 4.0, 0.04707],
[-5.15084, -3.2183, 4.0, 0.04746],
[-5.17593, -3.40752, 4.0, 0.04772],
[-5.19835, -3.59773, 4.0, 0.04788],
[-5.2185, -3.7885, 4.0, 0.04796],
[-5.23663, -3.97947, 4.0, 0.04796],
[-5.25286, -4.17026, 4.0, 0.04787],
[-5.26519, -4.33227, 4.0, 0.04062],
[-5.27945, -4.49227, 4.0, 0.04016],
[-5.29751, -4.64834, 3.87671, 0.04053],
[-5.32092, -4.79894, 3.31077, 0.04603],
[-5.35099, -4.94283, 2.87741, 0.05109],
[-5.38895, -5.07889, 2.52655, 0.05591],
[-5.43597, -5.20602, 2.18836, 0.06194],
[-5.49366, -5.32262, 1.91905, 0.06779],
[-5.56359, -5.42682, 1.67382, 0.07497],
[-5.64785, -5.51564, 1.46731, 0.08344],
[-5.74906, -5.58428, 1.3, 0.09407],
[-5.87039, -5.62377, 1.62533, 0.0785],
[-6.00363, -5.64071, 1.80073, 0.07459],
[-6.14581, -5.63568, 2.00001, 0.07113],
[-6.29412, -5.60956, 2.18062, 0.06906],
[-6.44613, -5.56291, 2.34165, 0.06791],
[-6.59955, -5.49611, 2.48912, 0.06722],
[-6.75214, -5.40964, 2.63615, 0.06653],
[-6.90183, -5.30426, 2.80494, 0.06526],
[-7.04689, -5.18125, 2.9752, 0.06392],
[-7.18595, -5.04196, 3.09305, 0.06364],
[-7.31774, -4.88715, 3.20623, 0.06341],
[-7.44111, -4.71763, 3.11606, 0.06728],
[-7.55365, -4.53233, 2.57552, 0.08418],
[-7.64615, -4.32452, 2.88335, 0.07889],
[-7.71895, -4.09952, 3.15467, 0.07496],
[-7.77267, -3.86068, 3.4705, 0.07054],
[-7.8086, -3.61116, 3.84032, 0.06565],
[-7.82857, -3.35379, 4.0, 0.06453],
[-7.83379, -3.09071, 4.0, 0.06578],
[-7.82546, -2.82377, 4.0, 0.06677],
[-7.80476, -2.55451, 4.0, 0.06751],
[-7.7729, -2.28423, 4.0, 0.06804],
[-7.73081, -2.01394, 4.0, 0.06839],
[-7.67931, -1.74448, 4.0, 0.06859],
[-7.61917, -1.47649, 4.0, 0.06866],
[-7.5511, -1.21051, 4.0, 0.06864],
[-7.4757, -0.94698, 4.0, 0.06853],
[-7.39346, -0.68626, 4.0, 0.06835],
[-7.30483, -0.42869, 4.0, 0.0681],
[-7.2102, -0.17457, 4.0, 0.06779],
[-7.10994, 0.07584, 4.0, 0.06743]]