0
0
11
8
10
15
20
2
16
8
10
4
20
10
10
16
10
10
4
11
5
6
13
14
14
4
10
8
6
7
1
11
5
4
8
3
20
8
20
17
2
11
15
11
2
2
18
14
2
4
20
8
17
12
14
16
13
8
17
17
17
11
20
15
14
14
1
20
17
3
3
10
4
11
11
3
3
8
10
6
4
2
2
0
0
10
5
5
4
11
5
7
7
1
10
19
12
12
14
20
15
20
20
17
19
17
10
17
13
14
6
0
2
5
1
2
2
5
1
5
2
2
8
4
2
17
2
8
16
13
2
17
3
9
5
14
16
7
20
5
8
1
14
11
17
11
2
3
15
1
13
20
17
2
11
15
2
9
5
0
18
6
8
11
16
20
13
15
5
19
8
11
17
19
14
10
17
13
17
18
10
4
9
20
17
9
15
5
11
5
2
13
2
2
5
1
4
1
8
5
2
2
4
11
0
10
11
2
0
20
12
2
19
5
3
12
2
20
3
14
5
13
3
5
11
13
15
17
0
11
4
11
8
5
0
5
7
5
0
17
4
20
16
5
2
13
17
6
15
2
14
8
17
8
20
2
17
6
10
18
20
5
20
19
13
9
20
11
13
8
8
8
7
17
9
3
2
4
10
7
9
4
2
0
6
0
5
4
2
5
2
4
3
2
14
20
18
7
15
17
19
20
17
17
20
19
18
7
16
19
5
2
11
2
2
2
0
2
2
0
2
2
5
13
8
5
4
18
5
8
3
11
5
13
2
18
5
20
0
0
20
14
17
11
12
8
6
4
6
20
2
20
15
14
7
5
0
12
14
1
14
20
2
14
7
14
12
0
0
12
20
14
20
20
19
19
10
18
11
20
11
1
10
9
17
17
17
8
4
1
13
6
2
1
0
5
3
2
1
0
14
0
8
4
8
11
8
17
8
5
2
1
9
7
11
14
17
8
9
1
18
12
8
20
2
2
8
1
17
11
3
18
17
2
1
1
5
2
16
14
1
8
10
17
2
10
11
3
8
18
2
9
14
16
14
8
12
10
20
15
17
11
15
10
14
20
19
13
8
11
7
1
5
18
17
8
11
8
3
6
2
8
1
3
5
4
5
1
1
2
0
10
2
5
19
4
19
10
16
20
20
20
17
20
19
19
8
13
19
2
2
0
13
2
2
5
2
0
1
2
5
2
3
3
15
20
5
5
0
2
20
17
4
2
19
17
6
19
8
2
4
5
10
20
2
6
19
11
5
20
9
8
11
5
8
16
3
4
8
13
20
4
8
17
19
3
17
4
20
14
17
5
19
12
12
20
19
9
14
4
16
17
19
14
2
2
16
8
12
14
2
11
9
1
2
1
2
1
5
2
2
4
8
0
8
1
5
18
11
12
11
7
1
15
17
1
0
14
14
5
9
10
10
10
13
10
