[[5.69112, -3.48531, 4.0, 0.03756],
[5.54088, -3.484, 4.0, 0.03756],
[5.39063, -3.4827, 4.0, 0.03756],
[5.24039, -3.48138, 4.0, 0.03756],
[5.09015, -3.48007, 4.0, 0.03756],
[4.93991, -3.47876, 4.0, 0.03756],
[4.78967, -3.47744, 4.0, 0.03756],
[4.63943, -3.47613, 4.0, 0.03756],
[4.48918, -3.47481, 4.0, 0.03756],
[4.33894, -3.47349, 4.0, 0.03756],
[4.1887, -3.47217, 4.0, 0.03756],
[4.03846, -3.47086, 4.0, 0.03756],
[3.88822, -3.46955, 4.0, 0.03756],
[3.73798, -3.46825, 4.0, 0.03756],
[3.58773, -3.46697, 4.0, 0.03756],
[3.43749, -3.46569, 4.0, 0.03756],
[3.28725, -3.46441, 4.0, 0.03756],
[3.13701, -3.46315, 4.0, 0.03756],
[2.98678, -3.46185, 4.0, 0.03756],
[2.83662, -3.46041, 4.0, 0.03754],
[2.68663, -3.45858, 4.0, 0.0375],
[2.53698, -3.45612, 4.0, 0.03742],
[2.38781, -3.45275, 4.0, 0.0373],
[2.23927, -3.44822, 3.8876, 0.03823],
[2.0915, -3.4423, 3.69931, 0.03998],
[1.94463, -3.43474, 3.52692, 0.0417],
[1.79881, -3.42531, 3.37569, 0.04329],
[1.65415, -3.4138, 3.2375, 0.04482],
[1.51079, -3.39999, 3.10798, 0.04634],
[1.36885, -3.38369, 2.98609, 0.04785],
[1.22845, -3.36471, 2.87075, 0.04935],
[1.08972, -3.34285, 2.76401, 0.05081],
[0.95276, -3.31794, 2.65964, 0.05234],
[0.81771, -3.28979, 2.56227, 0.05384],
[0.68468, -3.25824, 2.4702, 0.05535],
[0.55381, -3.22309, 2.38177, 0.05689],
[0.42524, -3.18417, 2.28667, 0.05875],
[0.29912, -3.14129, 2.28667, 0.05826],
[0.1756, -3.09424, 2.28667, 0.0578],
[0.05486, -3.04281, 2.28667, 0.05739],
[-0.06291, -2.98679, 2.28667, 0.05703],
[-0.17748, -2.92594, 2.28667, 0.05673],
[-0.28856, -2.85994, 2.6425, 0.0489],
[-0.39703, -2.79015, 3.23817, 0.03983],
[-0.50374, -2.71786, 3.77138, 0.03418],
[-0.60957, -2.64431, 3.55959, 0.03621],
[-0.7158, -2.57191, 3.37812, 0.03806],
[-0.82267, -2.50081, 3.21873, 0.03988],
[-0.93026, -2.43126, 3.0791, 0.04161],
[-1.03866, -2.3635, 2.95596, 0.04325],
[-1.14797, -2.29779, 2.84252, 0.04487],
[-1.25824, -2.23437, 2.73559, 0.0465],
[-1.36956, -2.17349, 2.63802, 0.0481],
[-1.48199, -2.11542, 2.54706, 0.04968],
[-1.59558, -2.0604, 2.46031, 0.0513],
[-1.71037, -2.00868, 2.37629, 0.05299],
[-1.82642, -1.96054, 2.29799, 0.05467],
[-1.94376, -1.91626, 2.2249, 0.05637],
[-2.0624, -1.87614, 2.15058, 0.05824],
[-2.18238, -1.84049, 2.07747, 0.06025],
[-2.30369, -1.80965, 2.00915, 0.0623],
[-2.42632, -1.78401, 1.94259, 0.06449],
[-2.55025, -1.76397, 1.94259, 0.06463],
[-2.67542, -1.74998, 1.94259, 0.06484],
[-2.80174, -1.74256, 1.94259, 0.06514],
[-2.92907, -1.74233, 1.94259, 0.06555],
[-3.05717, -1.74993, 1.94259, 0.06606],
[-3.18565, -1.7661, 2.57427, 0.0503],
[-3.31412, -1.78722, 2.70814, 0.04808],
[-3.44247, -1.81289, 2.85772, 0.0458],
[-3.57058, -1.84266, 3.0347, 0.04334],
[-3.69837, -1.87611, 3.24613, 0.04069],
[-3.82577, -1.91277, 2.85036, 0.04651],
[-3.95272, -1.95218, 2.473, 0.05375],
[-4.07917, -1.99387, 2.21235, 0.06018],
[-4.20252, -2.03645, 2.01471, 0.06477],
[-4.32603, -2.0776, 1.84332, 0.07062],
[-4.44984, -2.11601, 1.84332, 0.07032],
[-4.57406, -2.15041, 1.84332, 0.06993],
[-4.69881, -2.17957, 1.84332, 0.0695],
[-4.82413, -2.20227, 1.84332, 0.06909],
[-4.95004, -2.2173, 1.84332, 0.06879],
[-5.07647, -2.22323, 1.89391, 0.06683],
[-5.2032, -2.22053, 1.94684, 0.06511],
[-5.33005, -2.2096, 1.99968, 0.06367],
[-5.45685, -2.19073, 2.05487, 0.06239],
[-5.58344, -2.16421, 2.11473, 0.06116],
[-5.70967, -2.13028, 2.17581, 0.06007],
[-5.83537, -2.08915, 2.23908, 0.05907],
[-5.96041, -2.04102, 2.30616, 0.0581],
[-6.08462, -1.98608, 2.37793, 0.05712],
[-6.20784, -1.92455, 2.45482, 0.05611],
[-6.32992, -1.85667, 2.53736, 0.05505],
[-6.45067, -1.78269, 2.62684, 0.05391],
[-6.56992, -1.70292, 2.71973, 0.05275],
[-6.6875, -1.6177, 2.82145, 0.05147],
[-6.80321, -1.52741, 2.93116, 0.05007],
[-6.91687, -1.43251, 3.05351, 0.04849],
[-7.0283, -1.3335, 3.18084, 0.04686],
[-7.13735, -1.2309, 3.32173, 0.04507],
[-7.2439, -1.12525, 3.47553, 0.04318],
[-7.34797, -1.01699, 3.64733, 0.04117],
[-7.44966, -0.90649, 3.83118, 0.0392],
[-7.54913, -0.79401, 4.0, 0.03754],
[-7.64655, -0.6798, 4.0, 0.03753],
[-7.74195, -0.56392, 4.0, 0.03752],
[-7.83535, -0.44644, 4.0, 0.03752],
[-7.92675, -0.32744, 4.0, 0.03751],
[-8.01618, -0.20697, 4.0, 0.03751],
[-8.10365, -0.08508, 4.0, 0.03751],
[-8.18917, 0.03816, 4.0, 0.0375],
[-8.27276, 0.16272, 4.0, 0.0375],
[-8.35443, 0.28854, 3.76985, 0.03979],
[-8.4342, 0.41558, 3.54693, 0.04229],
[-8.51207, 0.5438, 3.35408, 0.04473],
[-8.58804, 0.67317, 3.18149, 0.04716],
[-8.66203, 0.8037, 3.03354, 0.04946],
[-8.73368, 0.9355, 2.89807, 0.05176],
[-8.80247, 1.06843, 2.77585, 0.05392],
[-8.86774, 1.20195, 2.66687, 0.05573],
[-8.92887, 1.33546, 2.56673, 0.0572],
[-8.98537, 1.46852, 2.47585, 0.05839],
[-9.03696, 1.60093, 2.39543, 0.05933],
[-9.08343, 1.73266, 2.31949, 0.06022],
[-9.12461, 1.86374, 2.24946, 0.06108],
[-9.16038, 1.99426, 2.18459, 0.06195],
[-9.19055, 2.12428, 2.12431, 0.06283],
[-9.21498, 2.25384, 2.06805, 0.06375],
[-9.23346, 2.38297, 2.01513, 0.06473],
[-9.2458, 2.51163, 1.96609, 0.06574],
[-9.25177, 2.63974, 1.92214, 0.06672],
[-9.25111, 2.76717, 1.88668, 0.06754],
[-9.24356, 2.89371, 1.85851, 0.06821],
[-9.22887, 3.01911, 1.8357, 0.06878],
[-9.20676, 3.14304, 1.8189, 0.06921],
[-9.17698, 3.2651, 1.80772, 0.0695],
[-9.1393, 3.38482, 1.8007, 0.0697],
[-9.09358, 3.50167, 1.79836, 0.06977],
[-9.03976, 3.61508, 1.79836, 0.0698],
[-8.97788, 3.72441, 1.79759, 0.06989],
[-8.90808, 3.82903, 1.79387, 0.07011],
[-8.8306, 3.9283, 1.78599, 0.07051],
[-8.7458, 4.0216, 1.77628, 0.07098],
[-8.65414, 4.10834, 1.76462, 0.07152],
[-8.55616, 4.18799, 1.75103, 0.07211],
[-8.45244, 4.26004, 1.73555, 0.07276],
[-8.34362, 4.324, 1.71809, 0.07347],
[-8.23036, 4.37941, 1.69743, 0.07428],
[-8.11338, 4.42586, 1.67357, 0.07521],
[-7.99344, 4.46297, 1.64666, 0.07624],
[-7.87135, 4.49042, 1.6168, 0.0774],
[-7.74792, 4.50795, 1.58694, 0.07856],
[-7.62402, 4.51537, 1.55749, 0.0797],
[-7.50051, 4.5125, 1.52238, 0.08115],
[-7.37826, 4.49923, 1.48812, 0.08263],
[-7.25819, 4.47546, 1.45259, 0.08427],
[-7.14119, 4.44109, 1.45259, 0.08395],
[-7.02819, 4.39609, 1.45259, 0.08373],
[-6.92012, 4.3404, 1.45259, 0.08369],
[-6.81798, 4.27389, 1.45259, 0.08391],
[-6.72285, 4.19636, 1.45259, 0.08448],
[-6.636, 4.10749, 1.98973, 0.06245],
[-6.55392, 4.0126, 2.13678, 0.05871],
[-6.4762, 3.91241, 2.31886, 0.05468],
[-6.40233, 3.80763, 2.55355, 0.0502],
[-6.33179, 3.69899, 2.87717, 0.04502],
[-6.26396, 3.58724, 2.58545, 0.05056],
[-6.19818, 3.47318, 2.33857, 0.0563],
[-6.13375, 3.35761, 2.15043, 0.06153],
[-6.06568, 3.23924, 1.99729, 0.06837],
[-5.9957, 3.12351, 1.87238, 0.07222],
[-5.92321, 3.01142, 1.76699, 0.07555],
[-5.84768, 2.90388, 1.67445, 0.07848],
[-5.76868, 2.80173, 1.59276, 0.08107],
[-5.68592, 2.70577, 1.51927, 0.08341],
[-5.59917, 2.61673, 1.45182, 0.08562],
[-5.50833, 2.53533, 1.38803, 0.08788],
[-5.41336, 2.46225, 1.33, 0.0901],
[-5.31434, 2.39822, 1.33, 0.08867],
[-5.21141, 2.34399, 1.33, 0.08748],
[-5.10482, 2.30041, 1.33, 0.08658],
[-4.99495, 2.26846, 1.33, 0.08603],
[-4.88235, 2.24932, 1.33, 0.08588],
[-4.76786, 2.24433, 1.46866, 0.07803],
[-4.65268, 2.25118, 1.52515, 0.07566],
[-4.53748, 2.26926, 1.58813, 0.07342],
[-4.42283, 2.29798, 1.6544, 0.07144],
[-4.30919, 2.33685, 1.72877, 0.06947],
[-4.19694, 2.38535, 1.81058, 0.06754],
[-4.08639, 2.44297, 1.90482, 0.06544],
[-3.97781, 2.50917, 2.01432, 0.06314],
[-3.87135, 2.58335, 2.1417, 0.06058],
[-3.76712, 2.66487, 2.24348, 0.05898],
[-3.66514, 2.75301, 2.13315, 0.06319],
[-3.56533, 2.84704, 2.03573, 0.06736],
[-3.47037, 2.94319, 1.95051, 0.06928],
[-3.37289, 3.03418, 1.86915, 0.07134],
[-3.27276, 3.11947, 1.79503, 0.07328],
[-3.1699, 3.19855, 1.72611, 0.07517],
[-3.06428, 3.27093, 1.51219, 0.08467],
[-2.95592, 3.33611, 1.51219, 0.08362],
[-2.84488, 3.3936, 1.51219, 0.08269],
[-2.73125, 3.44285, 1.51219, 0.08189],
[-2.61522, 3.48326, 1.51219, 0.08125],
[-2.49701, 3.51416, 1.51219, 0.0808],
[-2.37675, 3.53268, 1.5579, 0.0781],
[-2.25543, 3.53949, 1.60627, 0.07565],
[-2.13382, 3.53524, 1.659, 0.07334],
[-2.01259, 3.52058, 1.71281, 0.0713],
[-1.89226, 3.49606, 1.76947, 0.0694],
[-1.77328, 3.46224, 1.82871, 0.06764],
[-1.65602, 3.41962, 1.89155, 0.06596],
[-1.5408, 3.36868, 1.96017, 0.06427],
[-1.42785, 3.3099, 2.03415, 0.0626],
[-1.31737, 3.24373, 2.1159, 0.06086],
[-1.20949, 3.17064, 2.20716, 0.05904],
[-1.10427, 3.09109, 2.30989, 0.0571],
[-1.00176, 3.00554, 2.42585, 0.05504],
[-0.90192, 2.91448, 2.55917, 0.0528],
[-0.80467, 2.81838, 2.71589, 0.05034],
[-0.70991, 2.71773, 2.89925, 0.04768],
[-0.61745, 2.61304, 3.11795, 0.0448],
[-0.5271, 2.5048, 3.38592, 0.04164],
[-0.43862, 2.39353, 3.73661, 0.03804],
[-0.35176, 2.27974, 4.0, 0.03579],
[-0.26619, 2.16396, 3.65142, 0.03943],
[-0.18161, 2.04671, 3.28044, 0.04407],
[-0.09881, 1.93015, 3.00193, 0.04763],
[-0.01548, 1.81436, 2.78044, 0.05131],
[0.06877, 1.69995, 2.59823, 0.05469],
[0.15435, 1.58748, 2.44242, 0.05786],
[0.2416, 1.47753, 2.30977, 0.06077],
[0.33088, 1.37064, 2.19295, 0.06351],
[0.42252, 1.26732, 2.08527, 0.06623],
[0.51681, 1.1681, 1.99017, 0.06878],
[0.61401, 1.07348, 1.99017, 0.06816],
[0.71439, 0.98396, 1.99017, 0.06758],
[0.81815, 0.90009, 1.99017, 0.06704],
[0.92547, 0.82243, 1.99017, 0.06656],
[1.03648, 0.75161, 1.99017, 0.06616],
[1.15122, 0.68836, 2.01914, 0.06489],
[1.2692, 0.63254, 2.04046, 0.06397],
[1.39002, 0.58408, 2.05847, 0.06324],
[1.51324, 0.54293, 2.07346, 0.06265],
[1.63847, 0.50908, 2.08771, 0.06214],
[1.76532, 0.4825, 2.09926, 0.06174],
[1.8934, 0.46316, 2.11004, 0.06139],
[2.02232, 0.45105, 2.11997, 0.06108],
[2.1517, 0.44612, 2.12871, 0.06082],
[2.28117, 0.44833, 2.13652, 0.06061],
[2.41036, 0.45762, 2.12669, 0.0609],
[2.5389, 0.47392, 2.11301, 0.06132],
[2.66642, 0.49719, 2.09459, 0.06189],
[2.79255, 0.52736, 2.06886, 0.06269],
[2.91693, 0.56437, 2.06886, 0.06272],
[3.03918, 0.60818, 2.06886, 0.06277],
[3.15893, 0.65873, 2.06886, 0.06283],
[3.2758, 0.71601, 2.06886, 0.06291],
[3.38939, 0.78, 2.06886, 0.06302],
[3.49928, 0.85073, 2.65432, 0.04923],
[3.60678, 0.92549, 2.80259, 0.04672],
[3.71204, 1.00385, 2.97553, 0.0441],
[3.81524, 1.08537, 3.18197, 0.04133],
[3.91659, 1.16963, 3.25209, 0.04053],
[4.01625, 1.25622, 2.6717, 0.04942],
[4.11445, 1.34472, 2.31886, 0.05701],
[4.21139, 1.43473, 2.07472, 0.06376],
[4.30483, 1.52352, 1.89087, 0.06817],
[4.39903, 1.61084, 1.74493, 0.07361],
[4.49464, 1.69541, 1.62523, 0.07854],
[4.59229, 1.77597, 1.62523, 0.07789],
[4.69254, 1.85132, 1.62523, 0.07717],
[4.7959, 1.92032, 1.62523, 0.07647],
[4.90284, 1.9818, 1.62523, 0.0759],
[5.01376, 2.03453, 1.62523, 0.07557],
[5.12902, 2.07712, 1.72168, 0.07137],
[5.24793, 2.11051, 1.78893, 0.06904],
[5.37009, 2.13514, 1.86075, 0.06697],
[5.49516, 2.15137, 1.9383, 0.06507],
[5.62283, 2.15952, 2.02279, 0.06325],
[5.75285, 2.1599, 2.11579, 0.06145],
[5.88495, 2.15282, 2.22181, 0.05954],
[6.0189, 2.1386, 2.34506, 0.05744],
[6.15445, 2.11763, 2.48888, 0.05511],
[6.29137, 2.09036, 2.66251, 0.05243],
[6.42942, 2.05731, 2.87768, 0.04933],
[6.56839, 2.01911, 3.15439, 0.04569],
[6.70807, 1.97646, 3.52373, 0.04144],
[6.84824, 1.93013, 4.0, 0.03691],
[6.98876, 1.88095, 4.0, 0.03722],
[7.12947, 1.82981, 4.0, 0.03743],
[7.27028, 1.77759, 4.0, 0.03754],
[7.4111, 1.72521, 4.0, 0.03756],
[7.55192, 1.67283, 4.0, 0.03756],
[7.69274, 1.62046, 4.0, 0.03756],
[7.83357, 1.56808, 4.0, 0.03756],
[7.97439, 1.51571, 4.0, 0.03756],
[8.11522, 1.46334, 4.0, 0.03756],
[8.25604, 1.41097, 4.0, 0.03756],
[8.39687, 1.35861, 4.0, 0.03756],
[8.5377, 1.30625, 4.0, 0.03756],
[8.67853, 1.25389, 4.0, 0.03756],
[8.81936, 1.20153, 4.0, 0.03756],
[8.96019, 1.14918, 4.0, 0.03756],
[9.10102, 1.09683, 4.0, 0.03756],
[9.24185, 1.04448, 4.0, 0.03756],
[9.38269, 0.99213, 4.0, 0.03756],
[9.52352, 0.93978, 4.0, 0.03756],
[9.66435, 0.88743, 4.0, 0.03756],
[9.80519, 0.8351, 4.0, 0.03756],
[9.94603, 0.78278, 4.0, 0.03756],
[10.08688, 0.73046, 4.0, 0.03756],
[10.22773, 0.67815, 4.0, 0.03756],
[10.36858, 0.62586, 4.0, 0.03756],
[10.50942, 0.57354, 4.0, 0.03756],
[10.65026, 0.52119, 4.0, 0.03756],
[10.79107, 0.46881, 3.71663, 0.04043],
[10.93167, 0.4161, 3.42199, 0.04388],
[11.07169, 0.36262, 3.18494, 0.04706],
[11.2108, 0.30792, 2.98833, 0.05002],
[11.34865, 0.25155, 2.82145, 0.05279],
[11.48491, 0.1931, 2.67725, 0.05538],
[11.6192, 0.13218, 2.55083, 0.05781],
[11.75117, 0.06841, 2.43874, 0.0601],
[11.88042, 0.00146, 2.33844, 0.06225],
[12.00658, -0.06898, 2.24802, 0.06427],
[12.12922, -0.14319, 2.16599, 0.06618],
[12.24794, -0.2214, 2.09126, 0.06798],
[12.36227, -0.30381, 2.02477, 0.06961],
[12.47176, -0.39057, 1.96181, 0.07121],
[12.57592, -0.48177, 1.90357, 0.07273],
[12.67425, -0.57746, 1.84923, 0.0742],
[12.76623, -0.67763, 1.80343, 0.07541],
[12.85131, -0.78218, 1.76496, 0.07637],
[12.92895, -0.89096, 1.73305, 0.07711],
[12.99858, -1.00373, 1.70711, 0.07764],
[13.05962, -1.12018, 1.68669, 0.07795],
[13.1115, -1.23991, 1.67156, 0.07806],
[13.1537, -1.36241, 1.66164, 0.07798],
[13.18576, -1.48709, 1.65704, 0.07769],
[13.20732, -1.61326, 1.65704, 0.07724],
[13.21808, -1.74016, 1.65704, 0.07686],
[13.21788, -1.867, 1.65704, 0.07655],
[13.20663, -1.99294, 1.65704, 0.07631],
[13.18436, -2.11715, 1.65704, 0.07615],
[13.15121, -2.23879, 1.65797, 0.07604],
[13.10742, -2.35707, 1.66474, 0.07577],
[13.05331, -2.47125, 1.67772, 0.07531],
[12.9893, -2.58066, 1.69734, 0.07468],
[12.91589, -2.68471, 1.72411, 0.07386],
[12.83362, -2.7829, 1.75861, 0.07284],
[12.7431, -2.87484, 1.80155, 0.07162],
[12.64496, -2.96025, 1.85377, 0.07018],
[12.53984, -3.03895, 1.91624, 0.06853],
[12.42841, -3.1109, 1.99029, 0.06664],
[12.31133, -3.17614, 2.07025, 0.06474],
[12.18921, -3.23479, 2.15701, 0.06281],
[12.06261, -3.287, 2.2492, 0.06089],
[11.93206, -3.33299, 2.35231, 0.05884],
[11.79803, -3.37301, 2.46561, 0.05673],
[11.66098, -3.40735, 2.59101, 0.05453],
[11.52132, -3.43634, 2.73111, 0.05223],
[11.37942, -3.46036, 2.89207, 0.04976],
[11.23562, -3.47979, 3.07074, 0.04725],
[11.09024, -3.49503, 3.28351, 0.04452],
[10.94354, -3.50654, 3.5388, 0.04158],
[10.79579, -3.51475, 3.85514, 0.03839],
[10.6472, -3.52013, 4.0, 0.03717],
[10.49798, -3.52318, 4.0, 0.03731],
[10.34829, -3.52439, 4.0, 0.03742],
[10.1983, -3.52426, 4.0, 0.0375],
[10.04813, -3.5233, 4.0, 0.03754],
[9.89788, -3.522, 4.0, 0.03756],
[9.74764, -3.52069, 4.0, 0.03756],
[9.5974, -3.51939, 4.0, 0.03756],
[9.44716, -3.51808, 4.0, 0.03756],
[9.29692, -3.51677, 4.0, 0.03756],
[9.14668, -3.51546, 4.0, 0.03756],
[8.99643, -3.51415, 4.0, 0.03756],
[8.84619, -3.51284, 4.0, 0.03756],
[8.69595, -3.51153, 4.0, 0.03756],
[8.54571, -3.51021, 4.0, 0.03756],
[8.39547, -3.5089, 4.0, 0.03756],
[8.24523, -3.50759, 4.0, 0.03756],
[8.09498, -3.50628, 4.0, 0.03756],
[7.94474, -3.50497, 4.0, 0.03756],
[7.7945, -3.50366, 4.0, 0.03756],
[7.64426, -3.50235, 4.0, 0.03756],
[7.49402, -3.50104, 4.0, 0.03756],
[7.34378, -3.49973, 4.0, 0.03756],
[7.19353, -3.49842, 4.0, 0.03756],
[7.04329, -3.49711, 4.0, 0.03756],
[6.89305, -3.4958, 4.0, 0.03756],
[6.74281, -3.49448, 4.0, 0.03756],
[6.59257, -3.49317, 4.0, 0.03756],
[6.44233, -3.49186, 4.0, 0.03756],
[6.29208, -3.49055, 4.0, 0.03756],
[6.14184, -3.48924, 4.0, 0.03756],
[5.9916, -3.48793, 4.0, 0.03756],
[5.84136, -3.48662, 4.0, 0.03756]]