[[5.69112, -3.48531, 4.0, 0.03756],
[5.54088, -3.484, 4.0, 0.03756],
[5.39063, -3.4827, 4.0, 0.03756],
[5.24039, -3.48138, 4.0, 0.03756],
[5.09015, -3.48007, 4.0, 0.03756],
[4.93991, -3.47876, 4.0, 0.03756],
[4.78967, -3.47744, 4.0, 0.03756],
[4.63943, -3.47613, 4.0, 0.03756],
[4.48918, -3.47481, 4.0, 0.03756],
[4.33894, -3.47349, 4.0, 0.03756],
[4.1887, -3.47217, 4.0, 0.03756],
[4.03846, -3.47086, 4.0, 0.03756],
[3.88822, -3.46955, 4.0, 0.03756],
[3.73798, -3.46825, 4.0, 0.03756],
[3.58773, -3.46697, 4.0, 0.03756],
[3.43752, -3.46563, 4.0, 0.03756],
[3.28736, -3.46418, 4.0, 0.03754],
[3.13727, -3.46258, 4.0, 0.03752],
[2.98725, -3.46083, 4.0, 0.03751],
[2.83739, -3.45876, 4.0, 0.03747],
[2.68778, -3.4562, 4.0, 0.03741],
[2.53851, -3.45295, 4.0, 0.03733],
[2.38969, -3.44881, 4.0, 0.03722],
[2.24145, -3.44358, 4.0, 0.03708],
[2.09391, -3.43702, 4.0, 0.03692],
[1.9472, -3.42891, 4.0, 0.03673],
[1.80148, -3.41901, 4.0, 0.03652],
[1.65691, -3.40701, 4.0, 0.03627],
[1.51364, -3.3927, 4.0, 0.036],
[1.3718, -3.37587, 4.0, 0.03571],
[1.23156, -3.35627, 4.0, 0.0354],
[1.09305, -3.33371, 3.94201, 0.0356],
[0.95642, -3.30797, 3.76929, 0.03688],
[0.82183, -3.27884, 3.62439, 0.038],
[0.68939, -3.24615, 3.50589, 0.03891],
[0.55922, -3.20978, 3.41654, 0.03956],
[0.4314, -3.16963, 3.35826, 0.03989],
[0.30598, -3.12569, 3.33281, 0.03988],
[0.18294, -3.07798, 3.34297, 0.03947],
[0.06225, -3.0266, 3.39355, 0.03865],
[-0.05617, -2.97174, 3.49256, 0.03737],
[-0.17249, -2.91363, 3.65169, 0.03561],
[-0.28687, -2.85259, 3.88447, 0.03338],
[-0.39956, -2.78897, 4.0, 0.03235],
[-0.51079, -2.72317, 4.0, 0.03231],
[-0.62076, -2.65547, 4.0, 0.03228],
[-0.72956, -2.58603, 4.0, 0.03227],
[-0.83723, -2.51494, 4.0, 0.03226],
[-0.94367, -2.44243, 4.0, 0.0322],
[-1.05101, -2.37192, 4.0, 0.03211],
[-1.1594, -2.30368, 4.0, 0.03202],
[-1.26892, -2.23801, 3.74962, 0.03406],
[-1.37969, -2.1753, 3.55757, 0.03578],
[-1.49178, -2.11589, 3.39659, 0.03735],
[-1.60522, -2.0601, 3.22683, 0.03918],
[-1.72006, -2.00832, 3.06471, 0.04111],
[-1.83634, -1.96098, 2.92754, 0.04289],
[-1.95407, -1.91851, 2.82274, 0.04434],
[-2.07323, -1.88127, 2.74753, 0.04544],
[-2.19374, -1.84957, 2.69754, 0.04619],
[-2.3155, -1.82362, 2.67038, 0.04662],
[-2.4384, -1.80357, 2.66545, 0.04672],
[-2.56229, -1.78947, 2.68336, 0.04647],
[-2.68703, -1.7813, 2.72571, 0.04586],
[-2.81246, -1.77894, 2.79537, 0.04488],
[-2.93845, -1.78217, 2.89709, 0.0435],
[-3.06485, -1.79067, 3.03873, 0.04169],
[-3.19155, -1.80405, 3.23425, 0.03939],
[-3.31845, -1.82179, 3.51093, 0.0365],
[-3.44548, -1.8433, 3.91556, 0.0329],
[-3.57257, -1.86787, 4.0, 0.03236],
[-3.6997, -1.89484, 4.0, 0.03249],
[-3.82684, -1.92357, 4.0, 0.03259],
[-3.95398, -1.95357, 4.0, 0.03266],
[-4.07768, -1.98199, 4.0, 0.03173],
[-4.20141, -2.00914, 4.0, 0.03167],
[-4.32517, -2.03465, 4.0, 0.03159],
[-4.44898, -2.05783, 3.96376, 0.03178],
[-4.57283, -2.07821, 3.50264, 0.03583],
[-4.69673, -2.09501, 3.15517, 0.03963],
[-4.82066, -2.10747, 2.77395, 0.0449],
[-4.94461, -2.11437, 2.40487, 0.05162],
[-5.06848, -2.11391, 2.11509, 0.05857],
[-5.1921, -2.10398, 2.28831, 0.05419],
[-5.31531, -2.08589, 2.46128, 0.0506],
[-5.43803, -2.06066, 2.57801, 0.0486],
[-5.56017, -2.02883, 2.69215, 0.04689],
[-5.68167, -1.9908, 2.79175, 0.0456],
[-5.80245, -1.9469, 2.81171, 0.0457],
[-5.92238, -1.89708, 2.95783, 0.04391],
[-6.04141, -1.84177, 2.99018, 0.0439],
[-6.15943, -1.78096, 3.03817, 0.0437],
[-6.27628, -1.71472, 3.13138, 0.0429],
[-6.39188, -1.64324, 3.25103, 0.0418],
[-6.50612, -1.56684, 3.3836, 0.04062],
[-6.61891, -1.48583, 3.52222, 0.03943],
[-6.7302, -1.40054, 3.66301, 0.03828],
[-6.8399, -1.31131, 3.80324, 0.03718],
[-6.94796, -1.21842, 3.94055, 0.03616],
[-7.05434, -1.12219, 4.0, 0.03586],
[-7.15897, -1.02286, 4.0, 0.03607],
[-7.26183, -0.92069, 4.0, 0.03624],
[-7.36286, -0.81592, 4.0, 0.03639],
[-7.46204, -0.70873, 4.0, 0.03651],
[-7.55932, -0.59932, 4.0, 0.0366],
[-7.65468, -0.48786, 4.0, 0.03667],
[-7.74806, -0.3745, 4.0, 0.03672],
[-7.83943, -0.25938, 4.0, 0.03674],
[-7.92874, -0.14263, 4.0, 0.03675],
[-8.01593, -0.02437, 4.0, 0.03673],
[-8.10094, 0.09528, 4.0, 0.03669],
[-8.18369, 0.21621, 4.0, 0.03663],
[-8.2641, 0.33832, 4.0, 0.03655],
[-8.34206, 0.4615, 4.0, 0.03644],
[-8.41746, 0.58565, 4.0, 0.03631],
[-8.49015, 0.71066, 4.0, 0.03615],
[-8.55999, 0.83643, 4.0, 0.03596],
[-8.6268, 0.96285, 4.0, 0.03575],
[-8.69038, 1.08981, 4.0, 0.0355],
[-8.75051, 1.2172, 3.95037, 0.03566],
[-8.80696, 1.34491, 3.79547, 0.03679],
[-8.85947, 1.47282, 3.63803, 0.03801],
[-8.90777, 1.60079, 3.48093, 0.0393],
[-8.95156, 1.72872, 3.3267, 0.04064],
[-8.99056, 1.85644, 3.17752, 0.04203],
[-9.02445, 1.98382, 3.03517, 0.04343],
[-9.05292, 2.11068, 2.90106, 0.04482],
[-9.07567, 2.23686, 2.77629, 0.04618],
[-9.09241, 2.36215, 2.66164, 0.04749],
[-9.10284, 2.48634, 2.55765, 0.04873],
[-9.10672, 2.6092, 2.46464, 0.04987],
[-9.10382, 2.73046, 2.38275, 0.05091],
[-9.09393, 2.84984, 2.31194, 0.05181],
[-9.07692, 2.96705, 2.25198, 0.05259],
[-9.05267, 3.08174, 2.20246, 0.05323],
[-9.02114, 3.19358, 2.16281, 0.05373],
[-8.98234, 3.30219, 2.13222, 0.05409],
[-8.93632, 3.40719, 2.10972, 0.05434],
[-8.88323, 3.50818, 2.09411, 0.05448],
[-8.82325, 3.60475, 2.08405, 0.05455],
[-8.75665, 3.69648, 2.07805, 0.05455],
[-8.68375, 3.78296, 2.07457, 0.05452],
[-8.60494, 3.86377, 2.07214, 0.05448],
[-8.52064, 3.9385, 2.06953, 0.05443],
[-8.43135, 4.00677, 2.06597, 0.0544],
[-8.33759, 4.06821, 2.06151, 0.05438],
[-8.23993, 4.12249, 2.0573, 0.05431],
[-8.13894, 4.16936, 2.05592, 0.05415],
[-8.03523, 4.20863, 2.06151, 0.0538],
[-7.92936, 4.24022, 2.07957, 0.05313],
[-7.8219, 4.2642, 2.11551, 0.05205],
[-7.71336, 4.28078, 2.17264, 0.05054],
[-7.60418, 4.29036, 2.26046, 0.04848],
[-7.49476, 4.29345, 2.29762, 0.04764],
[-7.38539, 4.29027, 2.21169, 0.04947],
[-7.27639, 4.28035, 2.1239, 0.05153],
[-7.16817, 4.26312, 1.95003, 0.0562],
[-7.06133, 4.23724, 1.77735, 0.06185],
[-6.95683, 4.20097, 1.59495, 0.06935],
[-6.85624, 4.15176, 1.41986, 0.07887],
[-6.76238, 4.08611, 2.01428, 0.05687],
[-6.6726, 4.01219, 2.25059, 0.05167],
[-6.58642, 3.93145, 2.51979, 0.04687],
[-6.50333, 3.84511, 2.86799, 0.04178],
[-6.42277, 3.75432, 3.36158, 0.03611],
[-6.34415, 3.66019, 4.0, 0.03066],
[-6.2668, 3.5639, 4.0, 0.03088],
[-6.19008, 3.46653, 4.0, 0.03099],
[-6.11097, 3.36771, 4.0, 0.03165],
[-6.03102, 3.26997, 4.0, 0.03157],
[-5.95011, 3.17371, 4.0, 0.03144],
[-5.86812, 3.07941, 4.0, 0.03124],
[-5.78496, 2.98752, 3.82904, 0.03237],
[-5.70053, 2.89849, 3.50868, 0.03497],
[-5.61473, 2.81282, 3.23649, 0.03746],
[-5.52743, 2.73104, 2.90499, 0.04118],
[-5.43842, 2.65391, 2.63215, 0.04475],
[-5.34749, 2.58225, 2.37866, 0.04867],
[-5.25441, 2.517, 2.10315, 0.05405],
[-5.15888, 2.45959, 1.87746, 0.05937],
[-5.06065, 2.41158, 1.66645, 0.06561],
[-4.95953, 2.37505, 1.47364, 0.07296],
[-4.85552, 2.35281, 1.3, 0.08182],
[-4.74913, 2.34893, 1.53174, 0.0695],
[-4.64199, 2.35856, 1.69363, 0.06352],
[-4.53473, 2.37963, 1.87532, 0.05829],
[-4.42772, 2.41049, 2.06085, 0.05404],
[-4.32115, 2.44986, 2.26911, 0.05007],
[-4.21514, 2.49663, 2.51253, 0.04611],
[-4.10973, 2.54972, 2.81416, 0.04194],
[-4.00491, 2.6081, 3.20098, 0.03748],
[-3.9006, 2.67072, 3.80869, 0.03194],
[-3.7967, 2.73644, 4.0, 0.03074],
[-3.69307, 2.80422, 4.0, 0.03096],
[-3.58959, 2.87301, 4.0, 0.03107],
[-3.48374, 2.94195, 4.0, 0.03158],
[-3.37748, 3.00935, 4.0, 0.03146],
[-3.27069, 3.07467, 4.0, 0.0313],
[-3.16323, 3.13736, 3.6111, 0.03445],
[-3.05497, 3.19677, 3.20563, 0.03852],
[-2.94574, 3.2521, 2.82194, 0.04339],
[-2.83535, 3.30226, 2.52585, 0.048],
[-2.72368, 3.34614, 2.22337, 0.05396],
[-2.61057, 3.38208, 1.98571, 0.05977],
[-2.49604, 3.40828, 1.62211, 0.07243],
[-2.38027, 3.42015, 1.77534, 0.06555],
[-2.26427, 3.42018, 1.92584, 0.06023],
[-2.14855, 3.41017, 2.05146, 0.05662],
[-2.03344, 3.39129, 2.13906, 0.05453],
[-1.91919, 3.36414, 2.28431, 0.05141],
[-1.80594, 3.32964, 2.3999, 0.04933],
[-1.69381, 3.28836, 2.47291, 0.04832],
[-1.58293, 3.24057, 2.54526, 0.04744],
[-1.47343, 3.18648, 2.64399, 0.04619],
[-1.36537, 3.12641, 2.69956, 0.0458],
[-1.25888, 3.06046, 2.74718, 0.04559],
[-1.1541, 2.98867, 2.82021, 0.04504],
[-1.05111, 2.91118, 2.94146, 0.04382],
[-0.94998, 2.8283, 3.10784, 0.04207],
[-0.85067, 2.74046, 3.31746, 0.03997],
[-0.75311, 2.64816, 3.5749, 0.03757],
[-0.6572, 2.55196, 3.88603, 0.03496],
[-0.56277, 2.4524, 4.0, 0.0343],
[-0.46964, 2.35009, 4.0, 0.03459],
[-0.37773, 2.2453, 4.0, 0.03485],
[-0.28699, 2.13833, 4.0, 0.03507],
[-0.19744, 2.02933, 4.0, 0.03527],
[-0.10933, 1.91859, 4.0, 0.03538],
[-0.02027, 1.81057, 4.0, 0.035],
[0.07012, 1.70511, 4.0, 0.03472],
[0.162, 1.60238, 4.0, 0.03446],
[0.25551, 1.50259, 3.86264, 0.03541],
[0.35077, 1.40594, 3.64453, 0.03724],
[0.44793, 1.31275, 3.43787, 0.03916],
[0.54715, 1.22338, 3.26634, 0.04088],
[0.64856, 1.13818, 3.10922, 0.0426],
[0.75226, 1.05751, 2.97322, 0.04419],
[0.85834, 0.98175, 2.85938, 0.04559],
[0.96685, 0.91123, 2.76552, 0.04679],
[1.07778, 0.84627, 2.68987, 0.04779],
[1.19108, 0.78717, 2.63062, 0.04858],
[1.30665, 0.73418, 2.58565, 0.04917],
[1.42434, 0.68751, 2.55264, 0.0496],
[1.54395, 0.64735, 2.52934, 0.04988],
[1.66524, 0.61384, 2.51366, 0.05006],
[1.78793, 0.5871, 2.50375, 0.05015],
[1.9117, 0.56722, 2.4981, 0.05018],
[2.03623, 0.55424, 2.49568, 0.05017],
[2.16115, 0.5482, 2.49602, 0.05011],
[2.28612, 0.54908, 2.49925, 0.05],
[2.41079, 0.55686, 2.5062, 0.04984],
[2.53481, 0.57148, 2.51829, 0.04959],
[2.65788, 0.59281, 2.53756, 0.04922],
[2.77971, 0.62073, 2.56662, 0.0487],
[2.90008, 0.65504, 2.60865, 0.04798],
[3.01879, 0.69551, 2.66747, 0.04702],
[3.13571, 0.74185, 2.74778, 0.04577],
[3.25077, 0.7937, 2.85572, 0.04419],
[3.36396, 0.85067, 3.00005, 0.04224],
[3.47535, 0.91227, 3.1947, 0.03984],
[3.58504, 0.97798, 3.46228, 0.03693],
[3.69322, 1.04721, 3.83461, 0.03349],
[3.80011, 1.11932, 4.0, 0.03223],
[3.90592, 1.19364, 4.0, 0.03233],
[4.01067, 1.26949, 4.0, 0.03233],
[4.11409, 1.34596, 4.0, 0.03216],
[4.21557, 1.42208, 4.0, 0.03171],
[4.31574, 1.49664, 4.0, 0.03122],
[4.41641, 1.57002, 4.0, 0.03114],
[4.51788, 1.6415, 3.77012, 0.03292],
[4.62054, 1.71017, 3.24622, 0.03805],
[4.72477, 1.77513, 2.84614, 0.04315],
[4.83097, 1.83531, 2.49454, 0.04894],
[4.93968, 1.88938, 2.13929, 0.05675],
[5.05168, 1.9352, 1.84703, 0.06551],
[5.16789, 1.96991, 2.0604, 0.05886],
[5.28738, 1.9955, 2.23154, 0.05476],
[5.40962, 2.01309, 2.38489, 0.05178],
[5.53427, 2.0234, 2.62664, 0.04762],
[5.66091, 2.02746, 2.82989, 0.04477],
[5.78927, 2.02594, 3.03307, 0.04232],
[5.91915, 2.01935, 3.20841, 0.04053],
[6.0504, 2.00806, 3.37411, 0.03904],
[6.1829, 1.99236, 3.53557, 0.03774],
[6.31654, 1.97248, 3.70503, 0.03647],
[6.45124, 1.94867, 3.89074, 0.03516],
[6.58688, 1.92116, 4.0, 0.0346],
[6.72338, 1.89022, 4.0, 0.03499],
[6.86064, 1.85612, 4.0, 0.03536],
[6.99856, 1.81918, 4.0, 0.0357],
[7.13706, 1.77966, 4.0, 0.03601],
[7.27605, 1.73787, 4.0, 0.03628],
[7.41544, 1.69411, 4.0, 0.03652],
[7.55516, 1.64867, 4.0, 0.03673],
[7.69514, 1.60181, 4.0, 0.0369],
[7.83533, 1.55377, 4.0, 0.03705],
[7.97569, 1.50476, 4.0, 0.03717],
[8.11618, 1.45497, 4.0, 0.03726],
[8.25676, 1.40455, 4.0, 0.03734],
[8.39741, 1.35368, 4.0, 0.03739],
[8.5381, 1.3025, 4.0, 0.03743],
[8.67882, 1.25114, 4.0, 0.03745],
[8.81956, 1.19958, 4.0, 0.03747],
[8.96033, 1.14788, 4.0, 0.03749],
[9.1011, 1.09604, 4.0, 0.0375],
[9.2419, 1.04406, 4.0, 0.03752],
[9.3827, 0.99199, 4.0, 0.03753],
[9.52352, 0.93978, 4.0, 0.03755],
[9.66435, 0.88743, 4.0, 0.03756],
[9.80519, 0.8351, 4.0, 0.03756],
[9.94602, 0.78276, 4.0, 0.03756],
[10.0867, 0.73023, 4.0, 0.03754],
[10.22706, 0.67733, 4.0, 0.0375],
[10.36694, 0.62384, 4.0, 0.03744],
[10.50612, 0.56954, 4.0, 0.03735],
[10.6444, 0.51421, 4.0, 0.03723],
[10.78156, 0.45764, 4.0, 0.03709],
[10.91728, 0.39954, 4.0, 0.03691],
[11.05143, 0.3398, 4.0, 0.03671],
[11.1837, 0.27819, 4.0, 0.03648],
[11.31386, 0.21454, 4.0, 0.03622],
[11.44163, 0.14867, 4.0, 0.03594],
[11.5667, 0.08039, 3.86997, 0.03682],
[11.68877, 0.00954, 3.6758, 0.0384],
[11.80751, -0.06401, 3.49847, 0.03992],
[11.9226, -0.14039, 3.33326, 0.04144],
[12.03368, -0.2197, 3.17914, 0.04293],
[12.1404, -0.30203, 3.03666, 0.04439],
[12.24236, -0.38743, 2.90529, 0.04578],
[12.3392, -0.47594, 2.78393, 0.04712],
[12.43052, -0.56752, 2.67165, 0.04841],
[12.51592, -0.66214, 2.56781, 0.04964],
[12.59501, -0.75971, 2.47208, 0.05081],
[12.66741, -0.86008, 2.38434, 0.0519],
[12.73272, -0.96306, 2.30459, 0.05292],
[12.79059, -1.06843, 2.2329, 0.05384],
[12.84067, -1.1759, 2.16924, 0.05466],
[12.88265, -1.28514, 2.11351, 0.05537],
[12.91626, -1.39577, 2.06545, 0.05598],
[12.94127, -1.50737, 2.02477, 0.05648],
[12.95751, -1.61947, 1.99119, 0.05689],
[12.96483, -1.7316, 1.96453, 0.0572],
[12.96315, -1.84325, 1.94468, 0.05742],
[12.95246, -1.95389, 1.93166, 0.05754],
[12.93276, -2.063, 1.92562, 0.05758],
[12.90415, -2.17007, 1.92677, 0.05752],
[12.86674, -2.27459, 1.93543, 0.05736],
[12.82071, -2.3761, 1.95194, 0.0571],
[12.76628, -2.47413, 1.97669, 0.05672],
[12.70373, -2.56828, 2.01008, 0.05624],
[12.63336, -2.6582, 2.05251, 0.05563],
[12.5555, -2.74357, 2.10437, 0.05491],
[12.47053, -2.82414, 2.16605, 0.05406],
[12.37884, -2.89972, 2.23792, 0.0531],
[12.28085, -2.97017, 2.3204, 0.05201],
[12.17698, -3.03542, 2.4139, 0.05082],
[12.06765, -3.09547, 2.51894, 0.04951],
[11.95332, -3.15035, 2.63611, 0.04811],
[11.8344, -3.20016, 2.76613, 0.04661],
[11.71133, -3.24505, 2.90989, 0.04502],
[11.5845, -3.28521, 3.06847, 0.04335],
[11.45432, -3.32088, 3.2432, 0.04162],
[11.32116, -3.35229, 3.43573, 0.03982],
[11.18536, -3.37975, 3.648, 0.03798],
[11.04725, -3.40354, 3.8824, 0.0361],
[10.90714, -3.42396, 4.0, 0.0354],
[10.7653, -3.44133, 4.0, 0.03573],
[10.62197, -3.45595, 4.0, 0.03602],
[10.47738, -3.46812, 4.0, 0.03628],
[10.33172, -3.47811, 4.0, 0.0365],
[10.18517, -3.48621, 4.0, 0.03669],
[10.03787, -3.49266, 4.0, 0.03686],
[9.88997, -3.4977, 4.0, 0.037],
[9.74156, -3.50152, 4.0, 0.03711],
[9.59274, -3.50432, 4.0, 0.03721],
[9.44359, -3.50627, 4.0, 0.03729],
[9.29419, -3.50752, 4.0, 0.03735],
[9.14457, -3.5082, 4.0, 0.0374],
[8.9948, -3.50841, 4.0, 0.03744],
[8.84491, -3.50828, 4.0, 0.03747],
[8.69496, -3.50799, 4.0, 0.03749],
[8.54497, -3.50755, 4.0, 0.0375],
[8.39495, -3.50701, 4.0, 0.03751],
[8.24488, -3.50633, 4.0, 0.03752],
[8.09478, -3.50553, 4.0, 0.03753],
[7.94464, -3.50459, 4.0, 0.03754],
[7.79447, -3.50353, 4.0, 0.03754],
[7.64426, -3.50235, 4.0, 0.03755],
[7.49402, -3.50104, 4.0, 0.03756],
[7.34378, -3.49973, 4.0, 0.03756],
[7.19353, -3.49842, 4.0, 0.03756],
[7.04329, -3.49711, 4.0, 0.03756],
[6.89305, -3.4958, 4.0, 0.03756],
[6.74281, -3.49448, 4.0, 0.03756],
[6.59257, -3.49317, 4.0, 0.03756],
[6.44233, -3.49186, 4.0, 0.03756],
[6.29208, -3.49055, 4.0, 0.03756],
[6.14184, -3.48924, 4.0, 0.03756],
[5.9916, -3.48793, 4.0, 0.03756],
[5.84136, -3.48662, 4.0, 0.03756]]